2111.08273
2106.02610
2012.01486
2010.00687
2105.09327
2102.01081
2102.00052
2102.01999
2012.02211
2103.15124
2010.15053
2006.06899
2008.10075
2010.10531
2008.03262
2007.11264
2007.10944
2006.10765
2006.04807
2007.07716
2004.09109
2005.07086
2004.06528
2002.02606
1901.07040
2001.11112
2001.03126
2002.08379
1912.12305
1912.10874
1911.02814
1911.07054
1910.11930
1912.01360
1909.05259
1911.09131
1907.08269
1909.01719
1908.04505
1908.06998
1906.04742
1908.02631
1907.09776
1906.07615
1908.02527
1908.00619
1904.05362
1905.11258
1904.01973
1810.02826
1903.02573
1902.07944
1901.10223
1810.02341
1808.00052
1807.01908
1803.07559
1812.01624
1812.02438
1808.10017
1808.07010
1807.01474
1805.00596
1804.09370
1805.04067
1804.06346
1710.10269
1711.07294
1802.00999
1712.03241
1801.06185
1712.02808
1710.01138
1708.02541
1707.05790
1710.00858
1710.01790
1705.06699
1709.00338
1709.04461
1703.06582
1705.06090
1704.00373
1702.02883
1701.01733
1612.01739
1609.04389
1610.03325
1612.04332
1612.04372
1512.00464
1610.01336
1610.09067
1607.04207
1606.00848
1607.03684
1605.02507
1606.07929
1606.05549
1509.02210
1603.08031
1603.02587
1506.02471
1605.07384
1603.05754
1602.09055
1512.01555
1601.02587
1511.09341
1510.04606
1511.00768
1509.05609
1512.00552
1510.08062
1504.05586
1510.04691
1505.03158
1507.05916
1508.06215
1506.05685
1506.05456
1411.7404
1503.03551
1502.07489
1412.4618
1502.00576
1501.04963
1410.4286
1507.01938
1501.00013
1410.7611
1410.3702
1410.8363
1410.1310
1407.3044
1410.5495
1408.3635
1406.4402
1406.7567
1405.1839
1406.2620
1403.6891
1307.6857
1305.1670
1402.3857
1404.1084
1312.2954
1309.6663
1310.5397
1401.2784
1311.0201
1309.5261
1310.2949
1310.8104
1308.0337
1307.6532
1311.4441
1309.1998
1305.4166
1307.4753
1307.2341
1305.3795
1307.0354
1205.4736
1205.5060
1207.7229
1303.3375
1305.1620
1301.5651
1301.5976
1303.0254
1210.2329
1206.1391
1212.2779
1210.5585
1211.4895
1209.4087
1211.2996
1210.4836
1301.1860
1207.5797
1207.5796
1208.3289
1208.1268
1206.6105
1206.0774
1205.6962
1202.6379
1202.6255
1201.5391
1203.0341
1202.2799
1112.0574
1201.1023
1110.2793
1109.5179
1108.1811
1110.5567
1109.3183
1104.2823
1109.0936
1108.4196
1109.5813
1106.2935
1106.5449
1103.2081
1004.1809
1103.3078
1009.3470
1103.0009
1012.5791
1102.2421
1011.6395
1008.4795
1010.1078
1011.3455
1003.2763
0910.5928
1009.0071
1011.1019
1010.1742
1007.4785
1009.3027
1009.5947
1005.4497
1004.2702
1007.3082
1005.4037
1006.2851
1001.4009
0912.2359
1004.0463
1004.1991
1005.3656
0910.4394
0912.4585
1002.4608
1001.3577
1001.0403
0909.0285
0906.3414
0907.2669
0907.1268
0903.1782
0902.4563
0807.2856
0812.3240
